4

111 111 111 111 
111 111 111 111 
111 111 111 111 
111 111 111 111 
111 111 111 111 
111 111 111 111 
111 111 111 111 
111 111 111 111 
111 111 111 111 
111 111 111 111 
111 111 111 111 
111 111 111 111 
111 111 111 111 
111 111 111 111 
111 111 111 111 
111 111 111 111 
111 111 111 111 
111 111 111 111 
111 111 111 111 
111 111 111 111 
111 111 111 111 
111 111 111 111 
111 111 111 111 
111 111 111 111 
111 111 111 111 
111 111 111 111 
111 111 111 111 
111 111 111 111 
111 111 111 111 
111 111 111 111 
111 111 111 111 
111 111 111 111 

111 111 111 111 111 111 111 111 111 111 111 111 111 111 111 111 111 111 111 111 111 111 111 111 111 111 111 111 111 111 111 111 
111 111 111 111 111 111 111 111 111 111 111 111 111 111 111 111 111 111 111 111 111 111 111 111 111 111 111 111 111 111 111 111 
111 111 111 111 111 111 111 111 111 111 111 111 111 111 111 111 111 111 111 111 111 111 111 111 111 111 111 111 111 111 111 111 
111 111 111 111 111 111 111 111 111 111 111 111 111 111 111 111 111 111 111 111 111 111 111 111 111 111 111 111 111 111 111 111 
