9

111 111 111 111 111 111 111 111 111 
111 111 111 111 111 111 111 111 111 
111 111 111 111 111 111 111 111 111 
111 111 111 111 111 111 111 111 111 
111 111 111 111 111 111 111 111 111 
111 111 111 111 111 111 111 111 111 
111 111 111 111 111 111 111 111 111 
111 111 111 111 111 111 111 111 111 
111 111 111 111 111 111 111 111 111 
111 111 111 111 111 111 111 111 111 
111 111 111 111 111 111 111 111 111 
111 111 111 111 111 111 111 111 111 
111 111 111 111 111 111 111 111 111 
111 111 111 111 111 111 111 111 111 
111 111 111 111 111 111 111 111 111 
111 111 111 111 111 111 111 111 111 
111 111 111 111 111 111 111 111 111 
111 111 111 111 111 111 111 111 111 
111 111 111 111 111 111 111 111 111 
111 111 111 111 111 111 111 111 111 
111 111 111 111 111 111 111 111 111 
111 111 111 111 111 111 111 111 111 
111 111 111 111 111 111 111 111 111 
111 111 111 111 111 111 111 111 111 
111 111 111 111 111 111 111 111 111 
111 111 111 111 111 111 111 111 111 
111 111 111 111 111 111 111 111 111 
111 111 111 111 111 111 111 111 111 
111 111 111 111 111 111 111 111 111 
111 111 111 111 111 111 111 111 111 
111 111 111 111 111 111 111 111 111 
111 111 111 111 111 111 111 111 111 


111 111 111 111 111 111 111 111 111 111 111 111 111 111 111 111 111 111 111 111 111 111 111 111 111 111 111 111 111 111 111 111 
111 111 111 111 111 111 111 111 111 111 111 111 111 111 111 111 111 111 111 111 111 111 111 111 111 111 111 111 111 111 111 111 
111 111 111 111 111 111 111 111 111 111 111 111 111 111 111 111 111 111 111 111 111 111 111 111 111 111 111 111 111 111 111 111 
111 111 111 111 111 111 111 111 111 111 111 111 111 111 111 111 111 111 111 111 111 111 111 111 111 111 111 111 111 111 111 111 
111 111 111 111 111 111 111 111 111 111 111 111 111 111 111 111 111 111 111 111 111 111 111 111 111 111 111 111 111 111 111 111 
111 111 111 111 111 111 111 111 111 111 111 111 111 111 111 111 111 111 111 111 111 111 111 111 111 111 111 111 111 111 111 111 
111 111 111 111 111 111 111 111 111 111 111 111 111 111 111 111 111 111 111 111 111 111 111 111 111 111 111 111 111 111 111 111 
111 111 111 111 111 111 111 111 111 111 111 111 111 111 111 111 111 111 111 111 111 111 111 111 111 111 111 111 111 111 111 111 
111 111 111 111 111 111 111 111 111 111 111 111 111 111 111 111 111 111 111 111 111 111 111 111 111 111 111 111 111 111 111 111 
